myciel3.col
1 0 3 0 1 1 2 2 2 1 0 0 

myciel7.col
3 4 0 0 5 3 4 0 0 6 1 3 4 0 0 4 3 4 0 0 4 5 1 1 1 1 1 1 3 4 3 6 3 1 3 4 3 4 3 3 4 3 4 3 5 1 0 3 4 0 0 5 3 4 0 0 6 5 3 4 0 0 4 3 4 0 0 3 5 6 3 4 3 7 3 3 4 3 6 3 5 3 4 3 4 3 3 4 3 4 3 5 6 0 1 2 2 2 2 2 2 2 2 2 2 1 2 2 2 2 2 2 2 2 2 2 2 1 1 1 1 1 1 2 2 2 2 2 1 2 2 2 2 2 2 2 2 2 2 2 1 2 2 2 2 2 2 2 2 2 2 2 2 2 2 2 2 2 2 2 2 2 2 2 2 2 2 2 2 2 2 2 2 2 2 2 2 2 2 2 2 2 2 2 2 2 2 2 2 1 0 0 

latin_square_10.col


school1.col
8 5 14 12 9 2 15 8 7 4 13 10 0 1 8 16 7 5 4 16 7 3 15 12 9 8 3 14 1 8 7 16 15 10 14 4 12 16 7 2 9 13 10 6 9 11 1 8 9 14 1 5 11 7 13 6 3 4 13 3 12 16 7 15 6 2 10 1 8 10 1 5 6 2 4 13 3 12 11 4 13 3 12 16 4 3 10 1 15 6 2 10 1 15 5 2 12 11 5 7 4 6 3 1 0 14 9 6 3 5 2 15 4 12 10 11 10 12 10 14 4 13 12 2 6 10 8 9 7 16 1 15 1 11 1 0 1 1 1 1 8 1 9 15 5 14 4 7 13 10 16 2 13 16 7 7 10 1 8 6 9 0 13 3 10 4 14 2 12 16 7 1 8 9 15 5 14 11 5 12 13 10 2 6 1 2 1 0 1 10 11 7 1 0 7 14 8 14 14 9 15 9 16 4 13 15 6 1 8 9 11 13 3 8 6 16 12 13 3 12 2 10 1 12 16 3 5 4 0 2 4 15 3 2 8 0 8 7 8 7 0 13 7 14 4 3 10 1 8 2 12 11 7 9 6 14 13 3 9 6 2 1 8 16 7 14 10 3 1 8 10 9 5 2 12 16 12 9 5 2 12 16 7 0 1 14 13 3 10 1 4 1 16 14 3 13 8 9 6 12 7 5 4 8 2 7 3 1 1 9 15 6 0 1 0 0 6 10 8 9 15 13 14 4 12 2 14 11 2 10 14 9 15 6 9 15 6 16 14 12 4 13 3 4 13 3 14 4 13 9 2 5 4 9 3 10 1 11 5 2 0 0 7 14 4 13 10 1 8 0 0 0 0 0 0 3 3 8 4 10 1 2 0 0 2 0 

school1_nsh.col
15 1 3 1 7 0 2 13 4 22 18 8 4 10 6 16 20 4 16 12 3 1 5 10 7 20 18 25 18 13 3 12 20 8 2 10 9 12 3 2 7 15 8 1 7 5 13 15 7 13 14 4 12 3 24 21 1 13 4 27 17 5 23 25 21 1 26 22 16 8 18 22 21 12 14 17 0 23 5 19 17 21 9 12 6 0 8 10 14 2 0 8 11 23 21 0 17 12 2 3 22 20 19 1 1 13 7 4 1 20 0 13 10 8 2 8 6 8 2 12 2 4 10 15 3 8 6 7 11 18 1 13 1 18 5 0 1 1 2 3 6 2 7 14 21 6 9 18 1 8 5 0 14 5 3 1 6 15 23 10 7 0 17 16 8 2 25 0 1 12 3 11 6 7 15 4 13 2 19 10 17 8 0 18 1 0 1 2 22 8 18 6 0 2 5 9 16 18 24 7 6 7 12 19 17 14 6 9 6 7 14 17 20 9 26 5 23 17 19 20 4 8 10 9 14 19 1 11 3 0 10 2 1 0 4 0 16 15 6 3 0 4 16 25 21 19 8 24 9 0 2 5 6 7 4 20 17 1 7 16 0 18 15 12 3 24 26 25 22 19 26 7 21 0 11 5 11 7 21 0 11 5 8 0 1 12 4 27 26 22 13 24 5 25 19 17 13 7 26 23 15 18 19 15 0 3 20 11 1 7 5 2 1 0 0 0 21 8 6 7 23 19 13 5 9 0 2 1 0 8 4 7 22 11 7 22 11 12 18 9 13 4 20 13 20 27 25 10 17 7 16 22 0 

mulsol.i.1.col
8 0 10 24 23 22 21 20 6 7 11 14 16 13 19 9 0 28 21 19 18 17 16 13 10 8 27 26 25 24 23 22 45 32 46 47 47 31 1 2 3 4 5 6 7 9 1 2 3 4 18 17 15 12 5 12 11 0 15 14 0 20 30 29 26 0 25 27 0 0 30 0 45 29 28 0 31 0 0 27 0 0 34 0 33 0 32 31 0 35 38 0 39 0 0 40 0 0 37 0 0 41 0 36 0 0 35 42 44 0 39 41 0 40 0 0 43 42 0 44 31 0 0 0 31 31 31 31 31 31 31 0 0 0 31 31 32 31 31 0 0 46 0 47 31 48 33 48 32 32 32 48 31 31 0 0 47 0 0 31 33 32 32 32 31 31 0 0 46 0 0 0 32 32 0 32 32 32 0 0 46 0 0 30 0 0 29 0 20 0 25 25 0 0 30 0 29 0 

inithx.i.1.col
4 0 5 25 24 23 22 21 20 19 17 7 6 15 9 8 0 24 23 22 21 20 19 18 17 15 9 8 7 6 5 4 30 42 0 30 33 34 29 30 33 35 40 42 42 47 25 29 28 43 42 39 38 29 36 35 45 44 51 41 48 42 46 52 39 45 43 44 43 50 42 52 1 2 3 10 11 12 14 13 1 2 3 10 11 12 18 16 14 26 27 0 0 0 27 16 0 30 16 25 0 16 25 0 37 25 0 25 28 0 0 13 26 0 30 28 28 0 31 0 29 0 0 0 0 0 0 0 0 34 0 33 32 31 0 0 40 0 29 0 31 30 31 0 41 0 0 0 0 0 0 40 0 0 0 0 0 0 30 0 0 32 32 0 32 34 0 32 0 33 0 0 41 33 32 0 0 0 0 26 0 26 28 0 28 26 28 30 0 26 26 28 26 0 0 29 30 0 29 29 30 29 0 30 30 0 29 29 31 30 0 29 0 29 30 0 29 0 29 30 0 29 0 29 30 0 29 0 29 30 0 29 30 29 0 29 0 32 30 30 29 38 0 0 30 0 0 0 0 0 43 0 42 41 40 39 34 33 0 0 46 47 0 29 0 31 29 32 0 29 30 29 0 33 0 33 32 32 0 33 0 31 33 0 48 0 31 31 0 30 0 48 0 0 0 0 46 0 0 0 0 49 0 48 48 47 47 0 49 0 0 48 47 50 0 0 0 46 0 0 34 0 30 0 33 0 29 30 29 0 29 0 0 34 0 40 39 41 33 30 0 29 0 29 39 0 33 0 29 0 27 0 41 0 0 40 0 30 0 32 0 31 0 31 32 31 0 31 32 0 30 30 30 31 0 31 31 30 30 0 0 39 0 38 39 0 42 0 39 0 0 0 41 0 0 0 45 0 0 44 43 42 0 49 48 0 50 0 51 0 0 0 0 48 0 0 0 52 0 51 51 50 50 0 51 0 0 50 0 27 53 53 0 0 53 0 27 0 0 0 27 29 41 42 28 28 0 27 0 0 27 28 27 27 27 0 0 27 0 28 42 0 27 0 28 27 27 0 0 0 0 27 28 27 0 27 27 26 27 37 26 26 0 0 37 37 35 0 0 0 35 28 0 27 0 29 0 28 0 26 27 0 0 26 0 26 28 28 0 29 0 0 28 0 0 0 0 29 0 0 27 0 0 0 26 0 0 0 0 29 0 0 0 27 0 0 0 0 41 0 40 39 38 37 36 35 34 0 44 45 0 46 0 0 0 0 44 0 0 26 0 47 0 46 46 45 45 0 50 0 0 49 48 47 46 45 51 0 27 0 0 0 29 30 28 0 30 28 31 0 31 30 29 29 31 30 0 30 31 0 28 28 28 28 29 31 0 30 0 30 30 30 29 0 29 30 27 0 27 27 27 0 0 44 0 35 36 38 0 37 37 0 34 0 37 38 0 26 0 27 34 38 0 36 36 34 34 34 36 0 29 28 0 28 28 27 34 27 29 28 0 28 26 26 34 0 0 0 0 42 0 41 40 39 38 37 0 0 45 26 0 46 0 47 0 0 0 0 45 0 0 0 48 0 47 47 46 46 0 48 0 0 47 46 49 0 27 29 28 0 28 28 27 0 0 45 0 37 0 0 41 42 0 36 0 41 0 42 27 26 27 26 27 26 26 0 0 0 35 0 0 0 44 0 43 43 42 42 0 43 42 0 0 43 0 44 0 26 0 0 43 0 0 0 41 43 0 41 0 0 41 41 0 0 45 0 44 44 36 36 0 45 0 44 44 43 43 0 37 36 0 0 0 37 0 40 0 26 0 0 37 0 36 36 0 0 26 26 36 36 0 0 0 0 0 0 0 0 0 0 0 0 40 0 39 34 33 0 43 44 0 45 0 0 0 0 43 0 0 0 29 46 0 45 45 44 44 0 47 0 0 46 45 0 31 30 30 31 30 0 30 0 0 44 0 

anna.col
0 0 0 1 0 5 2 2 1 1 2 3 3 0 1 2 0 0 6 6 2 1 1 0 1 5 1 2 1 0 1 6 7 4 2 1 0 0 1 2 1 0 1 1 6 4 0 0 0 2 5 2 1 0 1 0 2 1 2 1 0 1 1 3 0 0 1 1 1 1 0 4 5 3 1 4 3 1 3 2 10 1 6 1 8 0 1 1 2 1 9 4 3 1 2 1 1 0 8 3 0 0 2 1 1 0 1 6 0 0 0 0 1 1 0 6 0 3 0 1 1 0 2 1 0 0 2 0 0 2 1 1 2 0 7 4 2 5 0 

huck.col
5 5 2 1 10 8 1 7 3 4 9 7 8 6 1 2 1 2 9 7 6 4 2 1 7 0 6 0 6 3 5 2 0 5 2 1 0 0 4 4 3 2 0 1 2 6 6 1 2 3 4 4 1 1 0 8 2 0 1 5 0 4 0 3 1 1 5 7 6 0 0 1 4 1 0 

jean.col
0 3 1 2 3 6 7 0 5 6 2 0 0 1 2 2 5 1 0 4 0 2 0 0 7 0 6 2 4 3 1 0 0 4 1 0 0 6 1 5 0 0 1 6 1 3 6 0 0 6 0 0 1 0 5 1 3 4 1 2 1 1 4 3 0 3 1 9 3 1 0 1 2 0 2 0 3 2 8 0 0 

miles1000.col
11 27 9 10 8 34 28 7 7 19 16 3 17 18 15 0 8 13 26 32 6 3 7 21 38 12 1 9 0 15 4 7 6 3 4 0 1 35 23 14 18 3 10 8 24 39 10 2 5 15 1 11 36 4 13 1 9 37 2 4 41 4 14 18 8 16 24 6 31 32 33 0 30 33 23 0 3 29 27 16 0 1 33 10 4 40 5 3 31 31 5 8 30 34 2 28 14 17 17 22 25 20 5 1 24 0 12 19 28 15 22 9 29 21 20 25 32 2 6 2 2 25 14 11 12 13 26 2 0 

miles1500.col
18 55 4 22 20 62 45 17 8 58 13 51 63 53 6 49 23 21 28 59 12 9 44 67 72 19 4 27 1 66 47 42 48 35 32 8 27 71 12 18 70 5 16 53 50 69 30 16 11 9 34 31 68 0 38 11 37 46 10 6 10 26 3 33 52 36 32 25 51 35 52 50 24 11 49 23 2 15 2 10 7 18 54 64 17 3 31 22 61 9 21 20 57 47 12 60 44 41 30 19 29 14 46 15 8 7 40 1 3 0 65 5 56 7 43 41 6 14 45 43 33 34 39 14 13 42 48 5 0 

fpsol2.i.1.col
7 0 24 23 21 20 19 18 17 16 22 12 9 8 11 10 0 31 30 29 28 26 25 24 23 22 12 11 10 9 8 7 42 0 0 0 0 42 0 0 0 0 50 56 49 53 44 0 0 45 0 0 0 0 41 0 0 0 43 0 0 48 52 25 0 47 44 0 0 0 0 0 0 40 0 36 55 56 44 43 53 58 58 49 50 39 61 63 61 1 2 3 4 5 6 21 20 1 2 3 4 5 6 13 15 14 19 18 0 17 0 0 16 15 0 14 13 0 27 37 36 35 34 33 32 0 0 0 39 38 0 40 0 0 0 46 45 41 0 0 40 0 0 0 48 0 46 0 45 46 48 0 0 0 0 49 0 0 52 51 50 0 25 0 0 49 0 39 0 40 38 40 0 0 0 0 0 0 0 0 0 46 45 0 50 0 0 0 49 49 0 0 0 0 0 0 50 0 0 51 53 0 52 51 0 0 0 0 0 0 0 0 51 54 0 25 0 54 53 52 51 51 52 51 54 55 0 53 0 52 0 51 0 54 0 55 0 56 52 54 55 57 0 27 26 26 0 28 27 27 26 26 0 0 51 0 0 47 54 0 55 47 54 56 55 0 47 0 55 0 54 0 56 0 54 56 57 0 26 25 26 25 25 0 0 55 0 0 0 0 0 0 0 0 0 33 32 0 34 0 0 37 35 0 34 0 0 37 0 27 0 0 37 0 38 0 25 25 0 0 37 0 0 0 47 0 46 48 43 0 51 0 50 0 0 49 0 48 51 54 0 0 53 54 0 0 0 0 0 0 54 0 0 0 54 0 0 54 0 54 0 0 0 59 0 57 0 58 0 0 0 0 0 0 0 0 0 0 57 58 0 0 58 59 0 58 0 59 0 59 60 0 26 25 25 0 0 57 0 0 44 60 0 44 61 0 60 0 61 0 62 59 61 0 64 0 0 0 0 0 64 0 26 0 0 26 0 0 0 0 54 0 56 55 0 57 0 55 0 0 57 0 58 0 59 0 0 0 58 0 58 60 0 25 0 0 59 0 46 43 0 43 47 0 43 0 47 0 49 48 47 0 26 25 25 0 0 46 0 46 0 45 45 47 0 45 0 47 0 48 47 0 25 0 0 46 0 

le450_5a.col
4 8 4 2 0 6 2 5 3 1 7 4 8 0 6 4 0 8 0 2 4 3 5 4 3 3 3 5 1 1 0 3 0 5 7 4 3 0 5 2 8 6 8 8 5 2 6 8 9 1 2 4 2 6 0 6 8 5 8 0 1 2 5 5 0 0 7 5 0 5 7 2 1 1 8 7 7 3 8 0 4 6 6 1 2 7 5 6 1 0 2 4 1 1 0 5 6 3 5 1 3 0 0 7 1 7 3 5 0 8 4 2 5 0 1 3 7 6 3 3 3 2 5 5 2 4 6 1 0 7 7 3 5 7 4 3 3 2 4 4 4 1 7 1 2 0 6 6 1 0 4 6 2 5 2 2 4 8 0 1 8 4 5 2 1 2 3 3 5 0 3 3 5 1 4 4 7 6 8 0 6 4 0 1 7 6 7 3 1 1 2 4 3 4 1 4 4 1 5 0 7 1 7 6 1 2 6 8 5 1 0 3 4 1 5 4 3 6 5 7 4 6 5 0 4 4 3 7 6 2 6 2 1 5 0 1 6 4 0 2 4 6 8 7 8 6 3 5 6 8 4 2 2 1 1 3 6 7 5 1 0 3 6 1 2 5 6 6 8 0 2 2 7 7 8 4 2 3 5 1 3 1 3 5 1 4 8 5 5 0 2 2 3 0 0 6 7 0 3 7 3 0 3 3 4 2 3 6 2 0 4 3 3 6 4 2 6 0 1 8 7 4 7 0 0 0 2 6 8 0 1 6 5 7 7 6 8 2 0 1 8 4 2 5 1 6 1 3 5 1 4 4 6 7 7 8 5 4 8 5 4 4 5 7 2 4 3 6 1 1 7 3 4 5 1 8 0 7 3 0 2 2 8 0 0 2 3 7 3 6 0 2 5 5 8 4 2 7 6 2 2 3 5 0 0 2 2 3 1 5 2 2 1 6 0 0 4 1 3 0 8 6 8 2 0 6 6 2 3 5 8 4 2 0 1 1 7 7 5 1 1 3 6 1 3 6 6 4 0 3 0 

le450_15b.col
6 6 0 4 5 15 5 13 4 1 13 10 0 5 6 10 14 0 8 14 5 9 7 0 1 5 5 1 0 8 3 0 0 3 2 3 1 2 3 0 12 13 2 12 6 0 14 1 12 1 2 4 6 5 4 13 3 2 2 1 14 0 11 4 0 1 14 10 4 7 10 14 0 10 8 10 9 14 11 13 9 4 9 4 4 4 6 1 6 14 4 0 0 3 13 6 13 2 14 5 0 6 2 13 0 14 10 0 15 11 12 10 11 13 1 9 1 8 2 9 12 0 1 15 13 6 13 10 3 1 7 9 7 3 14 5 9 3 15 2 8 1 5 7 3 4 6 11 11 1 7 3 12 12 14 12 5 2 0 1 12 10 1 11 1 6 0 7 2 6 15 13 14 13 2 9 1 4 2 11 14 8 2 2 10 0 7 7 0 10 12 3 9 1 11 0 14 12 4 9 4 1 13 7 12 10 9 11 6 6 15 12 0 9 1 8 7 5 3 3 1 12 8 3 10 4 1 11 5 2 2 10 12 0 10 0 11 3 2 10 7 3 5 7 11 4 13 2 12 1 9 1 6 5 15 5 10 0 6 7 5 9 8 14 8 4 8 1 6 3 11 14 7 10 12 2 14 11 10 8 5 10 11 10 8 14 8 7 7 6 2 1 8 7 12 4 12 6 4 3 8 13 6 13 11 5 13 0 0 5 12 6 11 11 1 9 6 7 7 5 11 1 7 14 3 14 3 9 12 8 9 10 14 4 6 13 15 7 13 6 6 13 0 3 3 0 0 7 1 2 2 9 2 13 5 4 2 8 2 0 0 0 5 6 0 13 7 7 3 16 5 13 13 4 8 8 14 13 3 12 6 1 13 9 8 8 10 4 14 0 0 14 9 11 14 14 11 1 2 2 2 3 4 14 3 8 0 2 5 14 7 9 9 13 4 7 1 2 10 1 5 7 6 12 9 9 13 0 4 0 4 10 2 3 14 0 11 3 2 0 3 9 1 5 14 9 3 9 0 11 0 

le450_25a.col
8 10 5 2 12 1 22 8 9 15 8 23 1 4 3 9 8 0 12 18 2 15 10 2 1 9 4 2 4 18 8 0 7 3 4 1 18 3 20 4 1 0 3 10 0 9 0 23 1 6 13 0 3 7 6 1 15 19 4 18 24 11 2 8 9 7 7 0 13 22 6 0 0 10 8 15 0 7 23 6 1 1 11 13 12 7 0 15 10 17 19 16 3 2 14 20 9 14 14 23 5 17 17 5 6 22 0 2 2 12 5 1 5 11 4 18 0 6 21 7 13 11 21 1 1 8 10 19 3 1 16 11 12 8 0 2 3 20 0 13 16 22 14 6 5 0 0 1 10 9 0 24 11 0 5 14 20 14 7 4 11 7 1 23 10 3 0 1 18 14 4 9 1 4 0 3 24 24 3 0 10 2 16 4 1 22 16 8 14 4 16 10 11 2 8 2 13 19 20 2 9 7 22 15 12 3 23 1 10 4 0 1 8 0 1 2 4 6 22 0 16 3 12 6 0 12 4 23 17 19 5 0 5 24 0 2 8 24 17 0 4 0 1 0 23 16 6 24 5 1 3 9 0 12 1 16 3 0 5 11 24 2 1 5 21 21 0 5 7 8 11 0 1 1 13 1 20 1 2 7 11 19 1 24 1 24 19 2 6 17 2 24 10 17 1 1 9 3 0 5 12 7 0 0 6 16 11 10 13 20 6 8 8 0 3 0 9 15 22 18 4 0 1 0 0 2 0 4 8 9 8 23 14 13 5 9 0 2 10 13 0 23 11 12 11 14 21 20 7 4 12 21 0 1 12 11 2 0 2 9 12 0 9 10 21 12 11 21 8 4 8 0 1 21 17 3 19 21 18 23 23 7 14 11 6 9 0 7 0 12 0 6 2 1 12 11 19 15 5 15 24 13 0 3 10 2 21 0 20 8 6 1 5 11 22 2 1 15 22 0 3 17 5 0 13 0 5 7 16 24 0 0 18 0 9 1 6 4 20 22 13 19 23 12 12 22 0 3 10 5 0 

games120.col
5 5 1 3 1 7 4 6 4 3 5 7 4 2 0 2 1 1 3 2 6 4 1 4 1 4 0 3 0 1 2 0 0 0 6 4 2 2 5 6 6 7 5 6 2 3 5 8 0 2 1 1 5 3 0 3 6 0 4 1 7 3 4 2 3 1 8 2 5 3 4 5 2 5 7 2 0 3 4 1 7 4 2 4 2 3 3 1 0 0 3 2 2 4 5 6 2 2 5 0 3 4 5 1 2 3 1 6 1 4 0 1 3 1 2 1 0 5 0 0 0 

queen11_11.col
6 8 2 3 7 10 0 11 1 5 9 0 10 12 11 5 8 6 7 9 4 1 1 11 5 0 6 7 4 12 13 8 2 5 13 6 4 9 3 10 2 0 12 7 9 12 7 10 2 1 5 4 11 3 6 7 2 1 12 4 0 3 13 8 9 5 12 4 8 7 3 2 1 5 10 6 0 8 5 0 6 10 4 9 3 2 1 11 13 3 11 5 0 6 2 1 7 10 8 2 7 13 9 1 5 8 6 3 11 4 10 6 3 2 8 9 11 0 5 7 12 0 

queen5_5.col
4 0 3 2 1 3 2 1 4 0 1 4 0 3 2 0 3 2 1 4 2 1 4 0 3 0 

